
fahrenheit_values <- c(45, 77, 20, 19, 101, 120, 212)
celsius_values <- (5 / 9) * (fahrenheit_values - 32)
celsius_values
