
result <- c(2, 4, 6, 4, 8, 12)
result[2:5] <- rep(c(-0.1, -100), times = 2)
result
