vec4 <- c(6:12, rep(5.3, 3), -3, 102:(102 + 8))
